1751736764944 0.7040727734565735 0
1751736786904 0.3726913034915924 10
1751736808334 0.20530633628368378 20
1751736830811 0.3212129473686218 30
1751736852858 0.16874796152114868 40
1751736874596 0.30701762437820435 50
1751736897460 0.5273105502128601 60
1751736764944 0.7040727734565735 0
1751736951859 0.23672693967819214 65
1751736974243 0.2261628955602646 75
1751736997404 0.14708280563354492 85
1751737020695 0.32823243737220764 95
1751737043561 0.10411113500595093 105
1751737066634 0.1244470402598381 115
1751737089509 0.15223339200019836 125
1751737135965 0.1481637954711914 130
1751737158758 0.1123461052775383 140
1751737182128 0.24189996719360352 150
1751737205536 0.11041867733001709 160
1751737228302 0.16449229419231415 170
1751737251091 0.1964385211467743 180
1751737273772 0.08377709239721298 190
1751736764944 0.7040727734565735 0
1751736764944 0.7040727734565735 0
1751737325045 0.41141554713249207 195
1751737347933 0.07138691842556 205
1751737372504 0.19199460744857788 215
1751737396171 0.12956911325454712 225
1751737420307 0.04516812786459923 235
1751737444374 0.08942089974880219 245
1751737468002 0.10984738916158676 255
1751737515887 0.058009933680295944 260
1751737539432 0.0881466493010521 270
1751737563344 0.0829901248216629 280
1751737587233 0.030766235664486885 290
1751737611338 0.20037969946861267 300
1751737635375 0.06717922538518906 310
1751737659636 0.01812652498483658 320
1751736764944 0.7040727734565735 0
1751736764944 0.7040727734565735 0
1751736764944 0.7040727734565735 0
1751736764944 0.7040727734565735 0
1751737712501 0.06168220564723015 325
1751737736635 0.09940209239721298 335
1751737760181 0.10964129865169525 345
1751737784296 0.06136075034737587 355
1751737808020 0.030709130689501762 365
1751737831481 0.26835742592811584 375
1751737855506 0.06308230012655258 385
1751737903744 0.08376568555831909 390
1751737927799 0.10931222140789032 400
1751737952258 0.021274235099554062 410
1751737976194 0.05243251100182533 420
1751737999991 0.07800201326608658 430
1751738023567 0.06586620956659317 440
1751738048192 0.039174970239400864 450
1751738096506 0.03385881334543228 455
1751738120703 0.361901193857193 465
1751738144358 0.09567538648843765 475
1751738168501 0.11439041048288345 485
1751738192153 0.1895650178194046 495
1751738216460 0.08899527043104172 505
1751738239954 0.04875157028436661 515
1751738288047 0.030730612576007843 520
1751738311951 0.01071679126471281 530
1751738336853 0.012741434387862682 540
1751738360957 0.04924803599715233 550
1751738384232 0.019855936989188194 560
1751738408290 0.05052366480231285 570
1751738432537 0.04248661920428276 580
1751738484655 0.003110548248514533 585
1751738509811 0.06766799837350845 595
1751738535176 0.01572599820792675 605
1751738560889 0.008924809284508228 615
1751738586883 0.06938229501247406 625
1751738611813 0.05667608976364136 635
1751738638083 0.05731826275587082 645
1751736764944 0.7040727734565735 0
1751736764944 0.7040727734565735 0
1751736764944 0.7040727734565735 0
1751736764944 0.7040727734565735 0
1751736764944 0.7040727734565735 0
1751736764944 0.7040727734565735 0
1751736764944 0.7040727734565735 0
1751736764944 0.7040727734565735 0
1751738694530 0.023660778999328613 650
1751738719713 0.053499236702919006 660
1751738746873 0.001940664486028254 670
1751738771568 0.00027891973149962723 680
1751738796048 0.0005412301397882402 690
1751738820325 0.079567551612854 700
1751738844631 0.0018894539680331945 710
1751738894656 0.0013752919621765614 715
1751738919266 0.04398701712489128 725
1751738943938 0.0002027937734965235 735
1751738968243 0.10001479834318161 745
1751738992906 0.03502184897661209 755
1751739017390 0.09591936320066452 765
1751739041420 0.1048000380396843 775
1751739090281 0.08713636547327042 780
1751739114280 0.035707633942365646 790
1751739138427 0.00031737779499962926 800
1751739162656 0.01216003019362688 810
1751739187170 0.01693802885711193 820
1751739211246 0.0017719606403261423 830
1751739235541 0.0001397065498167649 840
1751739285609 0.00021973649563733488 845
1751739309563 0.05355387181043625 855
1751739333416 0.006193184293806553 865
1751739357573 0.0007345947087742388 875
1751739381250 0.006948475725948811 885
1751739404912 0.0099194860085845 895
1751739428834 0.0040849121287465096 905
1751739476892 0.00899573601782322 910
1751739500494 0.0006948993541300297 920
1751739524049 0.0018331678584218025 930
1751739548425 0.00044051100849173963 940
1751739572350 0.0005536609096452594 950
1751739596407 0.00010541149822529405 960
1751739620510 0.0008178132120519876 970
1751736764944 0.7040727734565735 0
1751736764944 0.7040727734565735 0
1751736764944 0.7040727734565735 0
1751736764944 0.7040727734565735 0
1751736764944 0.7040727734565735 0
1751736764944 0.7040727734565735 0
1751736764944 0.7040727734565735 0
1751736764944 0.7040727734565735 0
1751736764944 0.7040727734565735 0
1751736764944 0.7040727734565735 0
1751736764944 0.7040727734565735 0
1751736764944 0.7040727734565735 0
1751736764944 0.7040727734565735 0
1751736764944 0.7040727734565735 0
1751736764944 0.7040727734565735 0
1751736764944 0.7040727734565735 0
