1751736943112 0.001 0
1751736943112 0.001 0
1751737133431 0.001 1
1751737317269 0.001 2
1751736943112 0.001 0
1751736943112 0.001 0
1751737513559 0.001 3
1751737704539 0.001 4
1751736943112 0.001 0
1751736943112 0.001 0
1751736943112 0.001 0
1751736943112 0.001 0
1751737901238 0.001 5
1751738093915 0.001 6
1751738285533 0.0005 7
1751738482059 0.0005 8
1751738686431 0.0005 9
1751736943112 0.001 0
1751736943112 0.001 0
1751736943112 0.001 0
1751736943112 0.001 0
1751736943112 0.001 0
1751736943112 0.001 0
1751736943112 0.001 0
1751736943112 0.001 0
1751738891520 0.0005 10
1751739087350 0.0005 11
1751739282960 0.00025 12
1751739474080 0.00025 13
1751739665224 0.00025 14
1751736943112 0.001 0
1751736943112 0.001 0
1751736943112 0.001 0
1751736943112 0.001 0
1751736943112 0.001 0
1751736943112 0.001 0
1751736943112 0.001 0
1751736943112 0.001 0
1751736943112 0.001 0
1751736943112 0.001 0
1751736943112 0.001 0
1751736943112 0.001 0
1751736943112 0.001 0
1751736943112 0.001 0
1751736943112 0.001 0
1751736943112 0.001 0
