1751736943068 0.3430604340938421 0
1751736943068 0.3430604340938421 0
1751737133350 0.19158391322080906 1
1751737317212 0.143760781448621 2
1751736943068 0.3430604340938421 0
1751736943068 0.3430604340938421 0
1751737513466 0.13568489115255383 3
1751737704479 0.10912367122677656 4
1751736943068 0.3430604340938421 0
1751736943068 0.3430604340938421 0
1751736943068 0.3430604340938421 0
1751736943068 0.3430604340938421 0
1751737901175 0.08602430844822755 5
1751738093838 0.08840663833185457 6
1751738285429 0.07728765485433262 7
1751738481976 0.055066504232728714 8
1751738686275 0.021814253083525376 9
1751736943068 0.3430604340938421 0
1751736943068 0.3430604340938421 0
1751736943068 0.3430604340938421 0
1751736943068 0.3430604340938421 0
1751736943068 0.3430604340938421 0
1751736943068 0.3430604340938421 0
1751736943068 0.3430604340938421 0
1751736943068 0.3430604340938421 0
1751738891434 0.02059242590701335 10
1751739087263 0.03664638695783931 11
1751739281025 0.016802841691605862 12
1751739473992 0.01955961323507766 13
1751739665122 0.0028639372652553272 14
1751736943068 0.3430604340938421 0
1751736943068 0.3430604340938421 0
1751736943068 0.3430604340938421 0
1751736943068 0.3430604340938421 0
1751736943068 0.3430604340938421 0
1751736943068 0.3430604340938421 0
1751736943068 0.3430604340938421 0
1751736943068 0.3430604340938421 0
1751736943068 0.3430604340938421 0
1751736943068 0.3430604340938421 0
1751736943068 0.3430604340938421 0
1751736943068 0.3430604340938421 0
1751736943068 0.3430604340938421 0
1751736943068 0.3430604340938421 0
1751736943068 0.3430604340938421 0
1751736943068 0.3430604340938421 0
