1751746002377 0.6861839294433594 0
1751746027279 0.6181894540786743 10
1751746051833 0.4078643321990967 20
1751746074691 0.29237377643585205 30
1751746096876 0.31125444173812866 40
1751746118448 0.2618696391582489 50
1751746141336 0.5530589818954468 60
1751746002377 0.6861839294433594 0
1751746194400 0.1048753559589386 65
1751746216005 0.22707995772361755 75
1751746237463 0.20307601988315582 85
1751746258746 0.1631278544664383 95
1751746280513 0.19676825404167175 105
1751746303074 0.04973246529698372 115
1751746325348 0.13349099457263947 125
1751746002377 0.6861839294433594 0
1751746002377 0.6861839294433594 0
1751746377006 0.3175804913043976 130
1751746398588 0.10792141407728195 140
1751746420197 0.14223913848400116 150
1751746443356 0.02030833810567856 160
1751746465631 0.14763803780078888 170
1751746488425 0.008931716904044151 180
1751746510586 0.018046734854578972 190
1751746002377 0.6861839294433594 0
1751746002377 0.6861839294433594 0
1751746002377 0.6861839294433594 0
1751746002377 0.6861839294433594 0
1751746561869 0.05383414775133133 195
1751746584470 0.036405157297849655 205
1751746607451 0.1463146209716797 215
1751746630684 0.024968791753053665 225
1751746652909 0.014065150171518326 235
1751746675590 0.036264821887016296 245
1751746698278 0.010229784063994884 255
1751746743478 0.010181971825659275 260
1751746765783 0.026091380044817924 270
1751746787548 0.05942964926362038 280
1751746809432 0.0033341357484459877 290
1751746831467 0.006225935649126768 300
1751746853587 0.06452500075101852 310
1751746875566 0.19002468883991241 320
1751746920068 0.007066037505865097 325
1751746942894 0.004666788969188929 335
1751746965565 0.010546470060944557 345
1751746988037 0.06854762136936188 355
1751747009866 0.01024188194423914 365
1751747032548 0.0036921233404427767 375
1751747054458 0.06706766784191132 385
1751746002377 0.6861839294433594 0
1751746002377 0.6861839294433594 0
1751746002377 0.6861839294433594 0
1751746002377 0.6861839294433594 0
1751746002377 0.6861839294433594 0
1751746002377 0.6861839294433594 0
1751746002377 0.6861839294433594 0
1751746002377 0.6861839294433594 0
1751747105552 0.00901724025607109 390
1751747127118 0.011513245292007923 400
1751747149610 0.008528816513717175 410
1751747171492 0.011882137507200241 420
1751747193148 0.0023031693417578936 430
1751747215221 0.00896061398088932 440
1751747236904 0.001657576416619122 450
1751747282127 0.013235189020633698 455
1751747304159 0.015222706831991673 465
1751747326019 0.001512192189693451 475
1751747348227 0.0020650140941143036 485
1751747370575 0.0018161929911002517 495
1751747392465 0.058146242052316666 505
1751747414684 0.006201495416462421 515
1751747460570 0.12743635475635529 520
1751747482564 0.025467518717050552 530
1751747504462 0.0018535759299993515 540
1751747526657 0.0013134785695001483 550
1751747549191 0.1767287403345108 560
1751747571426 0.002995857037603855 570
1751747593120 0.0014040968380868435 580
1751747637695 0.0010099487844854593 585
1751747659172 0.07551685720682144 595
1751747681415 0.045724645256996155 605
1751747704937 0.005294226575642824 615
1751747727585 0.000487766315927729 625
1751747750262 0.003020391333848238 635
1751747772730 0.0007283170707523823 645
1751747817966 0.005828157998621464 650
1751747839417 0.007045041304081678 660
1751747861594 0.06261594593524933 670
1751747883750 0.04097098857164383 680
1751747906017 0.010964028537273407 690
1751747928298 0.003287126310169697 700
1751747950581 0.002620208775624633 710
1751746002377 0.6861839294433594 0
1751746002377 0.6861839294433594 0
1751746002377 0.6861839294433594 0
1751746002377 0.6861839294433594 0
1751746002377 0.6861839294433594 0
1751746002377 0.6861839294433594 0
1751746002377 0.6861839294433594 0
1751746002377 0.6861839294433594 0
1751746002377 0.6861839294433594 0
1751746002377 0.6861839294433594 0
1751746002377 0.6861839294433594 0
1751746002377 0.6861839294433594 0
1751746002377 0.6861839294433594 0
1751746002377 0.6861839294433594 0
1751746002377 0.6861839294433594 0
1751746002377 0.6861839294433594 0
