1751746185744 0.0001 0
1751746185744 0.0001 0
1751746367610 0.0001 1
1751746185744 0.0001 0
1751746185744 0.0001 0
1751746553818 0.0001 2
1751746185744 0.0001 0
1751746185744 0.0001 0
1751746185744 0.0001 0
1751746185744 0.0001 0
1751746741032 0.0001 3
1751746917734 0.0001 4
1751747095841 0.0001 5
1751746185744 0.0001 0
1751746185744 0.0001 0
1751746185744 0.0001 0
1751746185744 0.0001 0
1751746185744 0.0001 0
1751746185744 0.0001 0
1751746185744 0.0001 0
1751746185744 0.0001 0
1751747279747 0.0001 6
1751747456391 0.0001 7
1751747635404 5e-05 8
1751747815547 5e-05 9
1751747992689 5e-05 10
1751746185744 0.0001 0
1751746185744 0.0001 0
1751746185744 0.0001 0
1751746185744 0.0001 0
1751746185744 0.0001 0
1751746185744 0.0001 0
1751746185744 0.0001 0
1751746185744 0.0001 0
1751746185744 0.0001 0
1751746185744 0.0001 0
1751746185744 0.0001 0
1751746185744 0.0001 0
1751746185744 0.0001 0
1751746185744 0.0001 0
1751746185744 0.0001 0
1751746185744 0.0001 0
