1751746185698 0.3992114025812883 0
1751746185698 0.3992114025812883 0
1751746367547 0.15840317979454993 1
1751746185698 0.3992114025812883 0
1751746185698 0.3992114025812883 0
1751746553755 0.11084164260671689 2
1751746185698 0.3992114025812883 0
1751746185698 0.3992114025812883 0
1751746185698 0.3992114025812883 0
1751746185698 0.3992114025812883 0
1751746740970 0.05659852591701425 3
1751746917622 0.04602064771864277 4
1751747095779 0.04067409002544502 5
1751746185698 0.3992114025812883 0
1751746185698 0.3992114025812883 0
1751746185698 0.3992114025812883 0
1751746185698 0.3992114025812883 0
1751746185698 0.3992114025812883 0
1751746185698 0.3992114025812883 0
1751746185698 0.3992114025812883 0
1751746185698 0.3992114025812883 0
1751747279682 0.02691720770492863 6
1751747456288 0.021936768404423046 7
1751747635317 0.02020684458458653 8
1751747815471 0.01891222370501894 9
1751747992622 0.027133943477663427 10
1751746185698 0.3992114025812883 0
1751746185698 0.3992114025812883 0
1751746185698 0.3992114025812883 0
1751746185698 0.3992114025812883 0
1751746185698 0.3992114025812883 0
1751746185698 0.3992114025812883 0
1751746185698 0.3992114025812883 0
1751746185698 0.3992114025812883 0
1751746185698 0.3992114025812883 0
1751746185698 0.3992114025812883 0
1751746185698 0.3992114025812883 0
1751746185698 0.3992114025812883 0
1751746185698 0.3992114025812883 0
1751746185698 0.3992114025812883 0
1751746185698 0.3992114025812883 0
1751746185698 0.3992114025812883 0
